11          -256.486          0          0          529          0         0         0          0          530         0          0          
18          -246.807          0          523          0          0          524          529          529          525          0          526          530          530          527          0          0          528         0          
21          -237.128          0          517           523          523          518          524          524          519          525          525          526          526          520          527          527          521          528         528          522         0          
22          -227.449          509          517          517         510          518          518          511          519          519          512          0          513          520         520          514          521         521          515          522          522          516          
23          -217.771          509          509          503          510          510          504          511          511          505          512          512          513          513          506        514          514         507          515          515          508          516          516          
30          -208.092          0          493          0          0          494          503         503          495          504          504         496          505          505         497          0          498          506          506         499         507         507          500          508          508          501          0          0          502          0          
33          -198.413          0          483          493          493         484          494         494          485          495          495          486          496          496          487          497        497          498         498         488          499          499          489          500          500         490          501          501          491          502          502          492          0          
34          -188.735          471          483          483          472          484          484          473          485          485         474          486          486          475          487          487          476          0          477          488          488          478          489          489         479          490          490          480          491          491          481          492          492          482          
35          -179.056          471          471         461          472        472          462          473          473         463         474          474          464         475         475          465          476          476          477          477          466          478          478         467          479          479          468          480          480          469          481         481          470         482          482          
38          -169.377          0          0          449          461          461         450          462          462          451          463         463          452          464          464         453         465          465          454          0          455          466          466          456          467          467         457          468          468          458          469          469         459          470          470          460          0          0          
39          -159.699          0          437          449          449          438         450          450         439          451         451          440          452          452          441          453          453          442          454          454         455          455         443          456         456         444          457         457          445          458          458          446         459         459          447          460          460          448          0          
38          -150.02          437          437         425         438          438          426          439          439         427          440          440          428          441          441          429          442         442          430          0         431          443          443          432          444         444         433         445          445          434          446          446          435          447         447          436          448          448          
39          -140.341          0          413          425          425          414          426          426          415          427          427          416          428          428          417          429          429          418          430          430          431          431          419          432          432          420          433          433          421         434          434          422          435          435          423          436          436          424          0          
40          -130.662          399          413          413          400          414          414          401          415          415          402          416          416          403          417          417          404          418          418          405          0          406         419          419          407         420          420          408          421          421          409          422          422         410          423          423          411          424          424          412          
41          -120.984          399          399          387         400          400          388          401          401         389         402          402          390          403          403          391         404          404          392          405         405          406        406         393          407          407          394          408          408          395          409          409          396          410          410          397         411          411          398          412          412          
42          -111.305          0          373          387          387          374          388          388         375          389          389          376          390          390          377          391          391         378         392          392         379          0          380          393          393          381          394         394          382          395         395          383          396          396          384          397          397          385          398          398         386          0          
45          -101.626         0          359          373         373          360          374          374          361          375          375          362          376          376         363          377          377          364          378          378          365          379          379         380          380          366         381          381          367          382          382          368          383         383          369          384          384          370          385          385          371          386          386         372          0          
46          -91.948          0          359          359          349          360          360         350          361          361          351          362          362          352          363          363          353          364          364          0         365          365          0          0          0          366          366          0          367          367          354          368          368          355         369          369          356          370          370          357          371         371          358          372          372          0          
37          -82.269          0          337          349          349          338          350          350          339          351          351          340          352          352          341          353          353          342         0          0          343          354          354          344          355          355          345          356          356          346          357          357          347         358          358          348         0          
37          -72.59           325          337          337         326          338          338         327          339          339          328          340          340          329          341          341          330          342          342          343          343          331          344          344          332          345          345          333          346          346          334          347          347          335          348          348          336          
35          -62.912          325          325          315          326          326          316          327         327          317          328          328         318          329         329          319         330         330         331          331          320          332          332          321          333          333          322          334          334          323          335          335          324         336          336          
35          -53.233          0          305          315          315          306          316          316          307          317         317          308          318          318          309          319          319          0          0          320          320          310         321          321         311         322          322          312          323         323          313         324          324          314          0          
33          -43.554          305          305          295          306          306          296          307         307          297          308          308          298          309          309          299          0          0          300          310          310          301          311          311          302          312          312          303          313          313         304          314         314          
33          -33.875          0          285          295          295          286          296         296          287          297          297          288          298          298         289         299          299         300          300          290          301          301          291          302          302          292          303          303         293         304          304          294          0         
33          -24.197          285          285          275          286         286          276          287          287          277          288          288          278          289          289          279          0         0         280         290          290          281          291          291          282          292          292          283          293          293          284          294          294          
31          -14.518          265          275          275          266          276          276          267          277          277         268         278          278          269          279          279          280          280          270          281         281          271          282          282          272          283          283          273          284         284          274          
31          -4.839           265          265          531          266          266         532          267         267          533         268         268          534          269          269         0          0          270          270          535         271          271          536          272          272          537         273         272         538          274         274           
31          4.839          0          255          531          531          256          532          532          257          533          533          258          534         534          259          0         0         260          535          535          261         536         536         262          537          537          263          538          538          264          0          
31          14.518          255          255          245         256          256         246          257          257          247          258         258         248          259          259          249          250          260          260          251          261         261          252          262         262          253          263          263          254          264        264          
33          24.197          0          235          245          245          236          246         246          237          247          247          238          248          248          239          249          249          250          250          240         251          251          241          252          252          242          253          253          243          254         254         244          0          
31          33.875          235          235          225         236         236          226          237          237          227          238         238          228         239          239          229          230          240          240          231         241          241          232          242          242          233         243         243         234          244          244         
33          43.554          0          215          225          225         216          226          226          217          227          227          218          228          228         219          229          229         230          230          220          231          231          221          232          232          222          233         233          223         234          234         224          0          
33          53.233          215          215          205          216          216          206          217          217          207          218         218         208          219          219          209          0          0          210         220          220          211          221         221          212         222          222          213         223          223          214        224          224          
35          62.912          193          205          205          194          206          206          195          207         207          196          208          208          197          209          209          198          0          0          199          210          210         200          211          211          201          212          212          202          213          213          203          214          214         204          
37          72.59           193         193          181          194          194          182          195          195          183         196          196          184          197          197          185         198          198         186          187          199          199          188          200         200          189          201          201          190          202          202          191          203          203          192          204          204          
39          82.269           0          181          181          169          182          182          170          183          183          171          184          184          172          185          185          173         186          186          174          175          187          187          176          188          188          177          189          189          178          190          190          179          191          191         180          192          192          0          
43          91.948           0          155         169         169          156        170          170          157          171          171          158         172          172          159          173          173         160         174        174         161          0          0          162          175          175          163          176         176          164          177         177         165         178          178          166          179         179         167         180          180          168          0          
44          101.626          155          155         141          156          156          142          157          157          143          158          158          144          159         159          145          160          160          146          161         161          147          0          148          162          162          149          163          163          150          164          164         151          165          165         152          166          166          153          167          167          154          168          168          
43          111.305          0         141          141          135          142          142          136          143          143          137          144          144          138          145          145          139         146         146         140          147          147          148          148          141         149         149          142          150          150          143          151          151          144          152          152          145          153          153          146          154         154          0          
42          120.984          0          121          135         135          122        136         136          123        137          137          124          138         138          125          139          139         126          140         140          127         0          128          141          141          129          142          142          130         143          143          131          144          144         132         145          145         133         146         146          134         0          
41          130.662          121          121         109          122          122          110          123          123         111          124          124          112          125         125          113          126          126          114          127         127          128          128          115          129          129          116          130          130          117          131          131         118          132          132          119          133          133          120          134          134          
40          140.341          0          109         109          97          110          110          98          111          111          99          112          112          100          113          113          101         114          114          102          0          103          115          115          104          116          116          105          117          117          106          118         118          107          119          119          108          120          120          0          
39          150.02           0          85          97         97         86          98          98          87          99          99          88         100          100         89          101          101          90          102          102          103          103          91          104          104          92          105          105          93          106          106          94          107          107          95          108         108          96          0          
38          159.699          85         85          73          86          86          74         87          87         75          88         88          76          89          89          77         90          90         78          0          79          91          91          80          92          92          81          93          93          82          94          94          83          95          95          84          96          96          
37          169.377          0          73          73          63          74          74         64          75         75         65          76          76          66          77          77          67          78          78          79          79          68          80          80          69          81          81          70          82          82          71          83          83          72         84          84          0          
36          179.056          0          51          63          63          52          64          64          53          65          65          54          66         66          55          67          67          56          0          57          68          68         58          69          69          59         70          70          60          71          71          61          72          72          62         0          
35          188.735          51          51         41          52          52         42         53         53         43          54          54          44          55          55          45         56          56          57          57          46         58          58          47          59          59          48          60          60        49         61          61          50         62          62         
32          198.413          41          41          31          42          42          32          43         43          33          44          44          34          45          45          35          0          36          46          46          37          47         47         38         48          48          39          49          49         40          50          50         
31          208.092          0          31          31         23         32          32          24          33          33          25          34          34          26          35          35          36          36          27          37          37          28          38          38          29          39          39          30          40          40          0          
26          217.771          23          23          15          24          24          16          25          25          17         26         26          18          0          19         27          27         20          28          28          21          29          29          22          30          30         
23          227.449          15          15          9         16          16         10          17          17          11          18          18          19          19          12          20          20         13         21         21          14          22          22          
20          237.128          9          9        3          10          10          4          11          11          5          0          6          12          12         7         13         13     8          14         14         
17          246.807          3          3          0          4          4          1         5          5          6          6         2          7          7          0          8          8          
12          256.486          0          0          1         1          0          0          0          2         2         0          0
